0,1,2,3,4,5,6,7,8,9,10,11,12,13,14,15,16,17,18,19
0.1231892768577484,0.08137983033678449,0.008315256709602542,0.06636517778208594,0.0816882539315067,0.05891972732666199,0.08940064809188696,0.033111076732488864,0.11043403816024015,0.020150222891174487,0.005579978270178955,0.02457012275284619,0.0027800091794908987,0.013555271811672829,0.05781530109658783,0.03035087266193166,0.002057027391694817,0.10326904554892014,0.04027502900041672,0.0467938334660796
0.09258299428146424,0.1443167710886068,0.19603745333069802,0.00663067615833762,0.0031007112753625513,0.028542752579260134,0.006413092944624435,0.03276744536606054,0.13884314232157396,0.0629307045535624,0.04836854379894257,0.04717009220925939,0.026269308591881032,0.05113906534996588,0.010988253629964351,0.009297328904557351,0.03669203370540597,0.029188209776198425,0.0004935870366518994,0.028227833097622692
0.0590775337086076,0.11918635183195742,0.004611832079853447,0.0001004811214245464,0.03013771019176383,0.07011788076726318,0.019697282955644806,0.0010704430132721752,0.022024941332171605,0.035297359117508136,0.031208509062269744,0.01686854007775545,0.026147831360323812,0.06358601630327139,0.054984918565924044,0.038765019468930385,0.08201742280252457,0.13163922518832888,0.005134980475071075,0.1883257205761338
0.00018460418327443778,0.192610452552077,0.061951267184128155,0.05621662968304108,0.014275534654617922,0.021119694830223707,0.007653751710396177,0.11896891843101154,0.014267583898944605,0.0002962297263352306,0.043023222481806046,0.0017230857666383935,0.10542583812528591,0.007600656778308036,0.025532986935406864,0.06354372404050018,0.016324848634978142,0.013081511951749747,0.021578285837320427,0.21462117259395638
0.02273118710075404,0.05875044692509359,0.04259265422931832,0.12791831538209147,0.10600632767744261,0.03944463810065009,0.01810837497798578,0.0133093029337013,0.11967034929554225,0.06661522888424705,0.06309651964663122,0.006010175739892573,0.17283222747603957,0.014044733211944034,0.06102376742867251,0.023106447843859863,0.006102656921467406,0.0017416997930246002,0.02902574136838968,0.007869205063251866
0.025662064312648492,0.003963230506713041,0.01379447065419539,0.0023521062033424298,0.025407793691730875,0.042639462630030385,0.12264918480010657,0.0008926535467621889,0.1108301998013067,0.024121759302107804,0.13854032677996522,0.04681566514617604,0.03823757507768834,0.14039132723504893,0.019121289253850978,0.02490795109359743,0.03688696470555095,0.07994102664783861,0.0779096670171006,0.024935281594239307
0.056910948169111,0.11529946422836398,0.06941162389915174,0.08665142702065602,0.0003135751010994099,0.07242868334999172,0.0539547493332923,0.18193534902970102,0.046829760723490495,0.023268249626416382,0.04117356613583719,0.051702754997028956,0.014395239607501194,0.02958678950531984,0.03988854015299048,0.016507280307248733,0.03894279243331557,0.03495255310682024,0.009600390995706858,0.0162462622769569
0.08738130524192582,0.08177765089337577,0.0007525853011094118,0.08713252424425401,0.00930160042714355,0.02658030812292773,0.03445484384258932,0.0001165887707181082,0.014667723678145264,0.07872491729087522,0.012771360633644,0.005997205391954161,0.0037560698502185227,0.1710138839579488,0.017035189766490162,0.010636756526710946,0.2072099641836018,0.008526110731082061,0.03313517338509155,0.1090282377601938
0.05969430979276504,0.009963845495960756,0.040096326168646945,0.015801965637138444,0.004929450785942724,0.007978193280282821,0.10302019600245636,0.04388001597566306,0.004974996788084953,0.023424656059920206,0.0775013495349455,0.05234985205343861,0.11679320938604472,1.8975828249843937e-06,0.02907740953561141,0.05562897537338721,0.1303123859091739,0.079896928236591,0.11104933362306203,0.03362470277805928
0.16554699381792387,0.01956938737678663,0.019379958688577538,0.07261787329147272,0.010974086952447505,0.010850338439503851,0.05332967649972655,0.1292069693155058,0.04792507786391659,0.0059850300099273425,0.05793554793581538,0.0013195506975631965,0.033868520486632324,0.07374803314867709,0.07119681997481245,0.05903598751745969,0.0002954182819021152,0.11842289269942247,0.03373171208167313,0.015060124920253751
0.06446015114818597,0.025324483061792066,0.07595700392409907,0.17566350389433735,0.045553054179099765,0.06530853215013312,0.06079377996634349,0.0022409990684486704,0.17406871879529584,0.03221843277188298,0.03569603662642296,6.453098635328413e-06,0.003139263727288931,0.04058335732876606,0.040256287143696216,0.0064179708239577695,0.003045676654294041,0.07968994109228132,0.020581847324007866,0.048994507221031124
0.05321601880431763,0.12767148426884722,0.017769719018510308,0.10071884533035759,0.002976144326099805,0.028248951594784022,0.10658153352364898,0.05499995135455783,0.07968540357642623,0.028640350724849967,0.114294703765263,0.00721691294690459,0.014407276009104936,0.00015728911203350147,0.07105917235798788,0.00029494438708664534,0.05826192715513361,0.03992665241822923,0.05877360296697665,0.03509911635888023
0.009600302061560666,0.07483472467334432,0.028117934400143818,0.009525082155354468,0.06078186222261357,0.0022596977970268817,0.1459767345179086,0.03519547106737893,0.02991078730892745,0.07990244800603735,0.057155705785427016,0.0018871076188198828,0.008404180207914355,0.10399142888093932,0.0022488587406514064,0.11126098608736082,0.0022426503607795114,0.11971428714004581,0.061483182547906995,0.05550656841985898
0.05018209851031965,0.0614779825998139,0.015840881223793273,0.029757553518305058,0.1098318318820888,0.04139791918346838,0.049145576556595454,0.06776353109130911,0.025181260236168485,0.08309281797738466,0.17473464601434432,0.02782146141964608,0.06732153398370104,0.006455193929118526,0.04427220946599185,0.0015555493583452268,0.0608368329592066,0.067613122954247,0.0050321124933097585,0.010685884642842909
0.024320925776315006,0.0016295694798863832,0.02628679619301654,0.034872130876177826,0.034171049513648376,0.01637793538471382,0.0673051004653308,0.014513459072583678,0.16734020506913924,0.06726104271815417,0.07147329224163715,0.10240725906822205,0.06546710586066248,0.008112460946140475,0.03493650818917217,0.04653135383330929,0.05932351164172447,0.010239751133221743,0.11475918465643667,0.032671357880507575
0.00010030275472088734,0.053265646030365814,0.02925003739905345,0.002293737388408005,0.004815336385659133,0.0036419131275897305,0.0062429268781975696,0.051624677779455494,0.1563480169726226,0.0060214847304669375,0.025585308862185047,0.004982722904660228,0.15597646144659158,0.13006534159398317,0.05343363145591401,0.030192549261377512,0.0368850231261526,0.20855241433301552,0.03796478903916076,0.002757678530419859
0.051120373018373556,0.012560284187194454,0.01910030293434854,0.06690084439770992,0.08830262789184709,0.03192095450944191,0.01140156068711755,0.07780858876132546,0.05800870107300275,0.04103718989993015,0.036734027561739976,0.10045698103318178,0.08473884770845952,0.07068039493430814,0.017569560475151114,0.010872367644183353,0.09753263281171969,0.00827118728551491,0.02493999413554256,0.09004257904990763
0.05821673370144434,0.02746680167950136,0.001940108042549735,7.062330741757851e-05,0.0005055912831512907,0.12042187352103559,0.060048503292833705,0.07221731922329129,0.00898687393278762,0.026344730596577992,0.06755651171539359,0.0003956804404650027,0.044013464911597175,0.023700711595599507,0.011938577390832409,0.061965603865303566,0.17647972862650044,0.07521180813373501,0.09045749970372814,0.07206125503625463
0.016031401378337837,0.017357607086891907,0.06576456558868451,0.13289969324803277,0.012983395567014337,0.0468119465098879,0.06296412093981477,0.006649338640114587,0.027253581363976424,0.010011855199025898,0.18068607515359972,0.0015045390732959143,0.050786329702616866,0.04514807867068636,0.0019235125510677009,0.0381367170350565,0.008246949484820895,0.10641405174696687,0.07869851686389302,0.08972772419621503
6.0267475860076845e-05,0.07859104324239136,0.05627557368508624,0.1002569692030117,0.06800314192713043,0.006613254816242047,0.013583781626421388,0.1139928367149076,0.11670329353642701,0.006305096558092777,0.00921560498686748,0.004158893749670366,0.010682862156408048,0.0029778108639330076,0.0003236550294216553,0.11753125216276546,0.21659410188831763,0.013687663717019878,0.019762203137962148,0.044680693522063525
0.06034472500112868,0.010452336389756801,0.016789592032754777,0.006177931772936287,0.05266862669100175,0.038670815787009837,0.03415499468613893,0.0015322253733155247,0.033753993627719664,0.007141593338039175,0.0744326906273447,0.014432424009147175,0.047101235124389254,0.07577509137601117,0.02319793307062998,0.08837248807947365,0.09596390997014093,0.05968304231916433,0.22605224151069073,0.033302109213206546
0.03342304018100916,0.03912887070452694,0.10148750575542227,0.12572881124277696,0.0889722202248246,0.08901251652819904,0.05110299389846909,0.03223671570838681,0.007116264887574004,0.08651291331426998,0.0005992203650562306,0.00033919279902358253,0.03253050402350855,0.12274252516659961,0.023771335295157927,0.09101415405279203,0.06372372420362116,1.8113045481452352e-05,0.002943058040032067,0.007596320563268576
0.07560515107286518,0.027874165397265387,0.012383454855170221,0.05978691925684485,0.10812500487067228,0.0334497512326214,0.0405620090155039,0.028033064519355992,0.09798134475094601,0.11323809954861917,0.17151313241889068,0.008113184945612978,0.028445856682464157,0.03212246617447743,0.0036508446258500457,0.0011443975693545528,0.09588245321101037,0.040798549376957066,5.8688955970908226e-05,0.021231461519547506
0.07957676376746058,0.1255097552769443,0.0168753204506776,1.6978985448290594e-06,0.02882027390162934,0.07148729660956558,0.13802322887911353,0.0007516098588523666,0.0003823641907786084,0.051992106134750166,0.004131929222303247,0.02265490033752888,0.10881544741280459,0.004657356051162592,0.052366758788527354,0.0904365297717097,0.08233690182009785,0.02814152102190459,0.0048519711558434875,0.0881862674498009
0.052045446500392875,0.04148375184249045,0.0031031665801417,0.07427077729337056,0.016049689760526013,0.04521233565274498,0.035507903319660805,0.10237773414577632,0.01328035075546128,0.014517446169820498,0.07458302964739162,0.04463446312315286,0.031164673291849,0.04760246665125975,0.09011471732970217,0.05533075337050709,0.07790196400274674,0.003465721765474942,0.10080209924018887,0.0765515095573415
0.051271278094837114,1.5481251138144717e-05,0.02290474846274592,0.04620857457902222,0.03866382073514271,0.06574830749984774,4.943974875691869e-05,0.023608870555890886,0.2049823727290721,0.04631778900306619,0.07495743378122635,0.1110904740382872,7.605600564581285e-08,0.01425114989167497,0.054784663459257046,0.04093523907013044,0.03310420272667326,0.06055857386945901,0.0871673079994301,0.023380196448335826
0.09573556532433058,0.008274416686944957,0.030986728907497922,0.03564529970653882,0.14196458478960924,0.06556878791184463,0.17966415735755986,0.042432674962282264,0.020495781993766404,0.0982577271973748,0.04734430443858586,0.052731079444986714,0.029460568559481502,0.00033522282307171314,0.011571484692780595,0.009489867739072143,0.0008814345593903332,0.04440684595298958,0.005295617562247104,0.0794578493896448
0.006553130853652467,0.036429265196321586,0.04677964118891998,0.09473976857418331,0.0053764615491276885,0.05466081464987055,0.0476747802172628,0.009992851081446544,0.057096742213493167,0.026358324660146034,0.053970819416553725,0.08652960719489045,0.04379473091084381,0.15856689804689988,0.08041482292873547,0.09165344448810794,0.014224154277012402,0.02450575755589048,0.03433958964172273,0.026338395354918973
0.028800974118411447,0.1735216448011585,0.00963498241610237,0.02003825349372553,0.012205290933098148,0.010033737849635328,0.033529218659002956,0.1395169313986133,0.05416285398784431,0.0717446886062839,0.025102194987345994,0.03385888859750716,0.018032402955205692,0.01833582890176723,0.03464494000964926,0.10087518851702475,0.016975758222335248,0.014430933452277188,0.09127224818825617,0.09328303990475559
0.00047757238453778,0.010868175906915797,0.00289152901021485,0.29377859024821823,0.22210234109399146,0.024298767937473903,0.12181217942804533,0.007480635514016162,0.02584095792105285,0.000298357555136994,0.09379772253391327,0.001592471899876676,0.06830563103770015,0.001795793043324081,3.2854881250423316e-05,0.005474605034384152,0.02413705022155165,0.019224590309744997,0.021691138284404117,0.05409903575424717
0.030088111416497667,0.004988327500225669,0.1127120747534396,0.042630814876515835,0.02920457513077016,0.026924679934194215,0.00014309169072099283,0.11361449315315969,0.03284369244923832,0.09036005110282817,0.08746312337314094,0.0073263566452913854,0.03376040651937203,0.10108340717315452,0.14330327779976548,0.025500448280180422,0.06894422595651115,0.013707182189857774,0.0263912275026781,0.009010432552457842
0.0057129290949644515,0.02733436589696539,0.10253229585449934,0.029318672278219705,0.08831619643149338,0.026297442202965978,0.0032172723898388155,0.1419949067847458,0.0007229620108276667,0.030632321079068627,0.06880835741129998,0.001287699608754096,1.8276939717359777e-12,0.07982756470210416,0.03303533402621338,0.07415357577778443,0.03111290563460934,0.17925229122544686,0.03684970062512191,0.039593206963249
0.024434413677643485,0.00808353495482121,0.08144189274512205,0.023217770857233574,0.04770404964161661,0.044496855905415154,0.07096875802821838,0.08679605221270296,0.05227245328702476,0.0632142665474192,0.07006338955633089,0.0068654770603977485,0.03451673803153618,0.010708905167444467,0.04405000542876084,0.040280360214312014,0.00517406637905808,0.038760470053021724,0.1981374153346301,0.04881312491729066
0.0689236446297638,0.04395501236584888,0.09063597205232457,0.03514116742916212,0.003677370411122605,0.05373287128410295,0.0923684924432279,0.18176971068512876,0.034055803970980174,0.014448783910602541,0.14672600272469596,0.013543376295143576,0.0056814701730667294,0.07317436414613983,0.06702968921977179,0.0022804758761417634,0.0008463805988439124,0.004981302638041195,0.06561978963776759,0.0014083195081236492
0.08752934734859144,0.024591779702351556,0.08905099185923095,0.1014430526591076,0.16832235909676427,0.01642003799671651,0.05311075303022903,0.015651573101239956,0.08187585199026276,5.022889241962389e-05,0.1349449332279709,0.00013467945509147846,0.0030611315377406362,0.042568394846589405,0.0022894917562238065,0.012918068147575347,0.015042690863160423,0.02043637463453595,0.019884130689764336,0.11067412916443406
0.06557654729091933,4.2207202961899875e-05,0.11202736053497815,0.015419777254408407,0.1170710354602933,0.040172453507213574,0.0017982182907393116,0.08313608323925274,0.009315654886275332,0.07457623838391021,0.01842992035467327,0.0007073614991521187,1.1178051072993617e-07,0.03530878563133778,0.048185259610270835,0.02462061847079364,0.05878810404737682,0.2739133526990047,0.014718809232504656,0.006192100623423217
0.01184245073593296,0.00427468393223594,0.031387648149306197,0.16284534279151977,0.029478763744977876,0.08523191068924847,0.0040849639037669255,0.14302794117127132,0.008505416621768914,0.11051551261118231,0.09685484084915687,2.098552105034947e-06,0.0044523845799713056,0.017182966355319792,0.07387745772891323,0.01441916483466846,0.06564886267274482,0.0701940841389107,0.0565582047534148,0.00961530118358441
0.0572082249946555,0.026311892788587383,0.029806640946148828,0.056091873214962285,0.015976635038372964,0.059299498726778456,0.0396137293075902,0.010983473652068988,0.05196414754025052,0.08690219261495397,0.05361386762192591,0.004851211174857784,0.1015975861547797,0.0676084330655465,0.009000381111798622,0.0304955267861448,0.0913376515176443,0.055170539675634046,0.12479128220555133,0.027375211861748024
0.029781693690299083,0.0028438317374332605,0.016042451808492352,0.12227651240343758,0.08358303076846156,0.029678757664179812,0.08945842022601116,0.0036081633572086504,0.06289218262162252,0.02552647602231685,0.1472753176128027,0.0013468982666965633,0.03314034285407498,0.007320384703764486,0.03805960999515629,0.04072434219136709,0.0002486408136381716,0.09759368078295085,0.1357294935243361,0.03286976895574988
0.02058480034238323,4.858979954520985e-05,0.0067033687886431746,0.08708227580457348,0.04541447715607187,0.03471140008907962,0.004354496203585445,0.12879111285776465,0.004602145556522121,0.04122532048017007,0.06076148993318705,0.019610367415990107,0.00162150452601794,0.05682692743721496,0.0799438422196623,0.07143617373242872,0.15241362050205853,0.14377909918503573,0.03968079143646315,0.00040819653360277405
0.021884552411817585,0.11600425294565507,0.006730996816821158,0.1789060162257675,0.0002491415947950641,0.04443543911621056,0.12021304645853122,0.025699417537334582,0.004097335741318346,0.0011122883956237537,0.04063481834136904,0.047999495165863604,0.07468046629525539,0.002333316522797868,0.09942930570794332,0.01784329119618825,0.09452685186321766,0.0346201620544711,0.013086592694967019,0.05551321291405221
0.002006327307870002,2.2299695980517742e-05,0.02670602570671901,0.026474121361927287,0.07962341606894036,0.004062081565421734,0.009559769106539422,0.06830211829490068,0.0013270206152580539,0.16031166311650796,0.09892280125961639,7.093956378669146e-10,0.0033943504691648922,0.08114889286975414,0.16825759264730222,0.0058611507796959466,0.07407348653309466,0.10342360922176715,0.0477038196083111,0.038819453061832744
0.00648740300229104,0.021439891367961955,0.09497373539612591,0.08230134224572695,0.07900792864988494,0.03201237666566899,0.0027092475555243285,0.04741131369380714,0.04812194447014628,0.10701039436642834,0.041853105291584064,2.4881557165388437e-09,0.004785115197713663,0.033242641870654364,0.14363409018412346,0.03023570622145321,0.1681076061016983,0.0225929488534151,0.03312475241570627,0.0009484539619300662
0.02659514114968906,0.002569996571937475,0.018359462154219745,0.04858866373847088,0.05407759367322456,0.02544784411117669,0.11095250153440331,0.016080020938754495,0.04425761956485883,0.06784803791929882,0.008715801498708778,0.008969043396580365,0.17848751239425195,0.0014604505943229178,0.0200660053854633,0.05918449989678471,0.22116183630453484,0.02281685809059975,0.06144427435221726,0.002916836730502276
0.020017172921459856,0.06099770508799294,0.019071436285400676,0.018219801528100446,0.003911829472917838,0.00899913916225143,0.09465601508900504,0.0015164348746413159,0.01694566912781564,0.1229639490253667,0.2803688339903134,0.036014680708261235,0.030801158086321487,0.005076664587969474,0.07217112977092247,0.07849896060386563,0.0339382596234994,0.009705340986795452,0.041183019520914445,0.04494279954618501
0.00010105271728214813,0.08135650503619388,0.04882840150574219,0.06707433030031205,0.036623355694340345,0.11561800487296545,0.001570895347449485,0.2128173330368726,0.0580782171107705,0.07341565688555053,0.020823450778879357,0.0023972353410793724,0.006256964739812414,0.009174439739374613,0.008986773432657913,0.027829591342231758,0.16726519933761183,0.05155817701422399,0.005754093722923802,0.004470322043725925
0.004827010583922651,0.04614385150954397,0.007309118984597554,0.05674811254253195,5.056100880683472e-09,0.0209929443538435,0.0709877160535443,0.06364223019331129,0.11116888196491481,0.03311473657706153,0.08591658666752851,0.14764380673464822,0.05015620175427662,0.0002752773808255916,0.037224421986518416,0.034846931349403976,0.07092854093375986,0.0581708143448116,0.006204877982642391,0.09369793304621238
0.006143707996284036,0.1098108990200254,0.047059914707232475,0.014615223016621827,0.014613348612850222,0.10040028033446251,0.028275932741599296,0.06033588618227988,0.17702116674918347,0.06000515649750378,0.020738309036058913,0.006956577744743602,0.005934555866548646,0.0011721595600320438,0.013525779862704857,0.08945867531110357,0.10446376700974123,0.04181537348251364,0.011482731742482231,0.08617055452602859
0.0007601083568255419,0.13641957130416738,0.056723710964632953,0.025072554820223643,0.051741006205254965,0.03595024584312135,0.00759824053250241,0.21221786007651064,0.03236077519096543,0.014946292311340386,0.029765695158182837,0.0028290642501689004,0.003911068285095223,0.0015115564680380311,0.017967310891798347,0.009647102639869625,0.21324768883497192,0.08545514829358296,0.052423335747225235,0.009451663825522224
0.012669886226940857,0.15602616717795398,0.00024426956428067804,0.01618439579374057,0.0837489701889175,0.022588611907257233,0.026784500189102025,0.017303936372283644,0.02895164123515709,0.03569987126905262,0.01510013744640469,0.012304197249588512,0.011587819093291074,0.07028813291823603,0.1663672334528989,0.09138600742059748,0.03455495044538313,0.06625561734321955,0.030609761935268487,0.10134389277042613
0.03462066178559075,0.004662134006886573,0.15188346986042797,0.01757352985468363,0.034899262900293444,0.13335190722849413,0.03752744626796878,0.05753484316919905,0.027108645938912025,0.020028479087264548,0.18355554821458725,0.02612400520057654,0.010371182447218557,0.007255566995417055,2.1067916286109934e-05,0.013597854752494198,0.023986256650708897,0.034970339591210334,0.1383789092675236,0.04254888886425644
0.08853408401273072,0.015874272501586857,0.02111649205609392,0.18393708929074623,0.03140207758160069,0.02343462350487776,0.02641488361807304,0.03636933631683653,0.057251425890377156,0.11808202400109274,0.01740470559353496,0.021539849943006707,0.09037538069229303,0.0011671753974319752,0.13837479856691307,0.0067176103929862336,0.05905369230243966,0.002484857414554017,0.05191427467446616,0.008551346248358608
0.004850611940409143,0.11673639787271577,0.0010903038882150058,0.10082483116641158,0.18796692036609353,0.009813569717555573,0.034521811449333674,0.08735103326948147,0.041512228606186814,0.026716155293178008,0.04246270861539815,0.026701501714461062,0.05403472188141074,0.010396083068465447,0.0872463243893656,0.017948440508821606,0.01383738468783308,0.11316395555941909,0.008509565677965595,0.014315450327278965
0.12406924078452183,0.1270978544694507,0.006447652369215251,9.968709640832059e-05,0.0007061751362344991,0.11553076820992186,0.0748459620035207,0.0017767717476097475,0.02610162123535807,0.037542002707306864,0.01339902252856311,0.01370650538522379,0.06425208636109893,0.013939916647888633,0.006265744121642947,0.12389796617551248,0.08029341333012432,0.00502546240342994,0.12768231034943364,0.03731983693753429
0.11799356298354455,0.10414020692349986,0.0003792738524499945,0.037908814459008684,0.09861823268020797,0.10881096961338114,0.03655311521679274,0.055097398631354384,0.02387591381978604,0.03619679129262463,0.019542439401967645,0.10923708063236753,0.011206310429482575,0.0007343003547564923,0.03648976633005002,0.04449248021951999,0.01636564284031742,0.030422104377557366,0.046888753077079105,0.06504684286425175
0.05722327200454741,0.027915733034847,0.01661193854703559,0.04329230460028757,0.02083710294779448,0.06935882114107846,0.0474913211959051,0.058105731627499234,0.0594363758119884,0.10641167648513375,0.02594421497629319,0.06786495474311223,0.06279046503298501,0.010814988482416799,0.04612177048159491,0.01640648463126208,0.08798034890258347,0.11331576628520533,0.05973660574858698,0.002340123319842742
0.031034829286316797,0.06073895454251525,0.038633766571699334,0.056748333765314886,0.09994018898334636,0.10821768263728847,0.11201179923666771,0.02985302518842385,0.008595801343814201,0.15139017869744859,0.010968596717774282,0.00015910380747307767,0.007824197417340634,0.13103280409249737,0.014334084476841947,0.062055106166089696,0.0112475953721951,0.00956859364521424,0.04889331945619931,0.006752038595539014
0.016731790037803337,0.025212252895713723,0.0009203589390083763,0.04354159770683309,6.628028529448644e-05,0.13664374303030621,0.11601731176717028,0.008272431667642957,0.047486065252858124,0.06276871198209222,0.019803236363695638,0.11054341089913397,0.07146129584968325,0.0006590232563983557,0.09067456497495102,0.008118437834058391,0.06298429561204531,0.05900665868668192,0.1170578148338961,0.0020307181247333334
0.038063891890844435,0.0228177492084922,0.21909259701497838,0.0988794804414003,0.0032012042010796282,0.06442007586735968,0.03148484654386914,0.043248490149901696,0.1299939970034723,0.0020867832757030503,0.021114138538854132,0.000550065207084581,0.08703302427221164,0.06598834385601618,0.0015213893127892651,0.038784035563350784,0.06581672909820702,0.046324612130609344,0.012819566416786152,0.006758980006990144
2.1154915905530456e-07,0.04785836462405275,0.0689608429152583,0.03743950486027316,0.0011754543823295051,0.021070011383951145,3.6756650132413276e-05,0.06988603699493227,0.28856981593268705,0.04113497524102954,0.0027449411418100614,0.016316722430496033,0.019972549842638684,0.004535751043783438,0.009365746304517494,0.153633633406043,0.06860853605840335,0.08811617655574382,0.060069591345859326,0.0005043773368997378
0.016868879986073216,0.025185325840140143,0.032490809463233364,0.06679212302763367,0.11637169858642946,0.04302478813044175,0.02290412918476757,7.121849830919617e-06,0.08359034285264831,0.09198907566846917,0.09002427436878087,0.12470416421410568,7.040425874788855e-05,0.0016203535660560488,0.003705999081365728,0.035900231563868124,0.0017656827970338551,0.08500645004380428,0.08413403180081808,0.07384411371575199
0.004301228087937972,0.028772668985397657,0.01042215647871984,0.060965014776808865,7.960837474750343e-08,0.24184527577712706,0.10561975419620546,0.08049983106946723,0.0037234107913597077,0.01487220118967463,0.031017743965359862,0.10521420383303327,0.04826908925793427,0.030981277572246765,0.11196513150120348,0.03089892456730767,0.041962634317987385,0.04351734771568853,0.00476633851904216,0.0003856877891233598
0.04970512586905752,0.037742634604958934,0.009949507523133212,0.03713156901234596,0.1460860683544648,0.03384830398731203,0.09267813144291337,0.13148321881062963,0.036517002806696806,0.02000162209110404,0.010515781355628124,0.020237340532101696,0.010964789943445163,0.018841580709744267,0.11437867072921391,0.07833856380780922,0.07553594995754549,0.040873631127020596,0.002488351551299316,0.032682155783575875
0.01367661138772146,0.03283318034888492,0.049882557147747086,0.030265649914155687,0.026677210941611462,0.001952759719220218,0.0012523929449941816,0.09764402262346072,0.05820858721768431,0.07024174479263899,0.00726348039239255,0.0004492828918088553,0.21982773487833226,0.0004168398273223182,0.043310687503458775,0.02896228312593521,0.2426462272920168,0.007045410052830933,0.011360078444650765,0.05608325855313234
0.009730351887425302,0.002821884907280522,0.17948928146591941,0.08596241809490711,0.03908936687088861,0.0015594276864225138,0.00016374480491763703,0.055831755079942084,0.09652691458562782,0.1125672066607205,0.027247932624526877,0.005675717925104168,0.004607825423834923,0.022452592863593218,0.26236780040106467,0.014017633559221797,0.022505592999241174,0.04246767475588749,0.008867938424243415,0.006046938979230739
0.0021769174243416838,0.01579160607802131,0.04856591300697989,0.047662021435449155,0.03654066139359767,0.062377249517063485,0.18617849632544056,0.02400035979976546,0.0569597673057329,0.00912045041729343,0.11731558950442554,0.047530298764225876,0.10757314771394344,0.012832815719305411,0.00608766308236161,0.017392330781250565,0.011542192781408205,0.04109678537350773,0.10184831736977333,0.0474074162061126
0.053058953504972986,0.1375082014606179,0.020530356996895312,0.025149585233510092,0.09329428865978494,0.019145506102929703,0.0005152587310625555,0.05448773986349681,0.1248646157728262,0.0014436854355519514,0.0789697160424276,0.00314838929135867,0.09543902170731312,0.0029426766164083727,0.04665243038584107,0.07396833208841389,0.07591702042855211,0.022424095201041074,0.02658009502844538,0.04396003144855037
0.014703973195259047,0.007676090275446304,1.0637214266503022e-06,0.05073603161410293,0.05659235424567356,0.024577551280927635,0.0890067310194644,0.03811866224544934,0.07541772877215928,0.016372894821013693,0.03935421742146573,0.04775955008876285,0.04204602353499289,0.019829645659494237,0.13302633865479735,0.028283991798486435,0.06813139704008478,0.12429702814253549,0.0417901339319809,0.0822785925364765
0.007174078520131621,0.08040425583936582,0.002610536600287802,0.012346964055464526,0.0015437918441508181,0.0007987114862074981,0.15286736950347346,0.04097319182364777,0.05065563277051254,0.035690596222970536,0.04337289817082283,0.00489068177822875,0.00293351011081815,0.052451014897036435,0.18913078038951542,0.039905113569768044,0.030140576905963338,0.021732580930045042,0.0838152941522568,0.14656242042933287
0.05327661636529748,0.08808552470456288,0.014320231963754374,0.011618471768750915,0.015744164503649922,0.005561844030853136,0.022441526227924707,0.08506837766742772,0.06644604660306315,0.025770897316138873,0.005550179983727948,0.0317315203868849,0.2775793245495317,0.042808362908172186,0.020513049694052692,0.017435883537085344,0.02489954881065711,0.14317374647201409,0.037179704534871384,0.010794977971579436
0.005963288800821363,0.00021222181458155584,0.019087518864976526,0.17362881941510638,0.16324254946453076,0.024495462783426486,0.031987773901420796,0.07895759666930148,0.02375030141743797,0.07893819358787796,0.027347140979913902,0.001524071996696323,0.002023722063332496,0.08064423299649064,0.03121709745747276,0.03271583459881182,0.13446758726047883,0.05813027419914711,0.031666305005357456,6.722817114567422e-09
0.0879304157071521,0.1810706975414806,0.003643207090057212,0.010548208864813455,0.0555122073157253,0.027062945078339423,0.06341120785122596,0.02717860236851104,0.08887130693706152,0.0062970267196233425,0.0029309019550639564,0.017619879039210036,0.027374912925940978,0.0255419553688614,0.14891406889144373,0.08512855619427723,0.04577440763712666,0.005689138660040615,0.027661639123993907,0.06183871473005146
0.04534475548355223,0.11913863076568117,0.07651216243978914,0.13950659745365954,4.089906964600322e-05,0.05927781919650124,0.06220194026224795,0.13011413255871243,0.01002175574996065,0.00129421950407524,0.008262907033933425,0.0259140712512295,0.007924697490496107,0.0008631560196439631,0.05148291654957367,0.06428255475814262,0.0810534411082962,0.009981215273050046,0.002276459753343047,0.10450566827846575
0.028178474046856014,0.005021775827040158,0.06829707890174247,0.03383821186976138,0.13231053297999165,0.04943433553348996,0.1097995069603345,0.1272221628899164,0.02256804210594368,0.0567286025845165,0.027030901490515062,0.05179583698413228,0.014700441316135843,0.00930074894377963,0.10368699254383495,0.0032481960331838377,0.05741874368003823,0.0043595585398524105,0.02382349578626649,0.07123636098266836
0.1039590754650922,0.0590576650713441,0.03188137398300899,0.0037751656626709884,1.0098943879869923e-05,0.09198301195953955,0.04337019927417869,0.0038999935794027498,0.03133396172186274,0.07244687009833264,0.005153077516115199,0.04007157006323466,0.0009097885781676626,0.05431746358565463,0.008399541926693234,0.23732813156212312,0.03862528262695848,0.08454080932050313,0.0265428911421327,0.0623940279191046
0.06113605415889612,0.03125134207088072,0.0009716741805516045,0.051551436050154074,0.10834491848588866,0.08145237840409408,0.04801662099301412,0.019528920247546374,0.03618253336128566,0.034592272325570515,0.11930101829090428,0.028594340033658752,0.012486181974299796,0.07647448097813288,0.033233062388532936,0.045560432317476786,0.07425593599258547,0.0020282369373161315,0.12998486119581823,0.005053299613392794
0.14838205056395026,0.08698746293728334,0.029895969890746717,0.00837069148089027,0.01992453328474036,0.04500330198959436,0.07760271436935656,0.025233313922838275,0.06847571842303161,0.025931784184773685,0.0649936812303063,0.025237580432844017,0.02443140442938145,0.041043346291866255,0.05018470051671614,0.13012390349599465,0.048951895977040805,0.01932414277403764,0.01823743091529076,0.04166437288931645
0.11568028331106257,0.010706361327349324,0.018415966659572423,0.008875417547228398,0.0097911895063696,0.06833341527571295,0.12464080225558523,0.009334851189055042,0.033096949562403694,0.039904866811070784,0.13729083074115864,0.041630063552900214,0.000208055596630773,0.00807157604120886,0.04045313979904463,0.03901239700756906,0.07153649226350013,0.008568768499810227,0.05276531569896208,0.1616832573538055
0.005827965748359765,0.057276548787408565,0.02616737240183259,0.011882168699747309,0.0008261505723775398,0.02796118781949391,0.06750404012186488,0.08867846433945471,0.022678328603169418,0.05025249285134087,0.0909717903178355,0.0738014822132476,0.033515576300612165,6.055592797425682e-06,0.048473510829199935,0.10047585095414097,0.18915670877708082,0.002447114726475391,0.10101481259672795,0.0010823777468327064
0.02186583293080901,0.0006550627878843482,0.05906328003038989,0.09946706451584934,0.14751752995126122,0.013023380369327188,0.03628101449404342,0.011125425710980245,0.06330786415758038,0.01617437986482962,0.16544116827769165,0.0019916843831460545,0.025811367890735366,0.023185486694627087,8.705721634418697e-05,0.013187729867687419,0.03811262162135262,0.23513807089676833,0.02145856692371735,0.007105411414975321
0.04786442818671236,0.03810496312561391,0.003180062970161752,0.0774139795546692,0.0009540946050517163,0.10121899856115806,0.036148617253556524,0.10949171166771138,0.006884368149905397,0.015677128852332863,0.03962328791455155,0.04417644280332341,0.05560073661146516,5.0607623177499985e-05,0.0885661241096268,0.028700765219007666,0.12169515580291355,0.14733713936781745,0.01560063561280647,0.02171075200843697
0.134639155899487,0.09691376987433417,0.05003313914016562,0.11068497419244461,0.029746768694247663,0.07028405080138188,0.05180178461884328,0.04110355781594084,0.035225228294703995,0.003948088450512204,0.025544372944198708,0.053247491025855825,0.004447668751686355,0.08437979139024927,0.07729815616184718,0.0003073674087891594,0.057474251865170425,0.04171348246865938,0.03086753927556804,0.0003393609259143518
0.04160524488272822,0.025169399463009383,0.08371530647889533,0.05577208008552638,0.031642130661520405,0.0443860556665598,0.009523362543094795,0.040324572470004746,0.018429191252256668,0.08199455250128682,0.005625336840377588,0.11347577922389669,0.0376424915373565,0.007411866092577761,0.041229267417764434,0.16464485280058438,0.0663519735691392,0.03926397872592666,0.07128286753576499,0.020509690251729287
0.03769910534564793,0.20278505103250177,0.029842440439286928,0.06268680016447813,0.013905091862934527,0.021568072460582562,0.04781388711592956,0.08725978908156669,0.07105154816329567,0.028833319614825333,0.036924383938425245,0.12379048971657643,0.015414178519441468,0.054272672512755075,0.05925694628814919,0.027836955650399533,0.0008526894542948758,0.07299530978320869,0.00435092800203023,0.0008603408536702939
0.024486821945406023,0.04957103768471818,0.009341860020170435,0.06775367850921934,0.008145163528275299,0.005534835076637244,0.10958826089683718,0.07756071723195247,0.09580429875539968,0.07706666431551859,0.004925492394252283,0.06781743289566183,0.0043562437857674165,0.10825613587115977,0.047327352455166935,0.0805133358154096,0.10409836273360229,0.02971774244076212,4.293549593219511e-05,0.028091628148151193
0.04888216492669663,0.05094262678933571,0.011721310768078756,0.0322814901083902,0.04536320980601899,0.019180134481257702,0.09886558492909858,0.02714525965536599,0.03558427627164777,0.015830116325127878,0.14838796933769455,0.0024386065084407663,0.012344837649343946,0.01262658270304386,0.09365970716035375,0.1982943815024039,0.041134663448466995,0.021835513273250035,0.055042064872924644,0.02843949948305912
0.019977005768543173,0.00023721792562154677,0.00526873655351582,0.13894216343181592,0.07460007851545133,0.031618113894563156,0.08208884383629474,0.031194068554042997,0.025105336097407033,0.09574462452531353,0.04568157047071082,0.0007418400009051228,0.015417986894574782,0.1409661532611319,0.022694427040981072,0.18436123122329093,0.003254057820004955,0.05332642945316991,0.028444955837158305,0.0003351588955028246
0.05257248004263447,0.010194856544805977,0.020749642890501165,0.005617454588528354,0.07779160099483981,0.03993664156860309,0.06532948986787371,0.009726148840017103,0.013865190950804528,0.05464798058476906,0.09084680084331095,0.01925390397034892,0.019005560700306463,0.02154061335670925,0.08298128492292606,0.000969365995131249,0.13473396041653937,0.003917697551251156,0.25834769577296524,0.01797162959713427
0.01134083407564519,0.03262002177240815,0.04505961963806966,0.026855745216051708,0.1519645770573287,0.021942617748353453,0.2887136953228452,0.006893600448397273,0.05614187976316174,0.024622087789203873,0.14115366041828326,2.8776579777182024e-05,0.004033450175728289,0.0020614873192958605,0.001197873291503361,0.01806754351898357,0.025828819797939172,0.08394977041723742,0.034206914717282946,0.02331702493250422
0.024006582939279247,0.051580403998850874,0.15063376215238633,0.04946456182976788,0.10867918242307095,0.07054723656775028,0.021290758926133538,0.029490387458015493,0.06644053276266504,0.11010524664710857,0.030844386200197336,0.01093526883386749,0.06069485070175358,0.09245437175673529,0.004991320196674414,0.10191923782920644,0.0004614450340267041,1.1169118950361076e-05,0.014602486275645107,0.0008468083479149714
0.04779491313455804,0.014052425234719026,0.1770816162555438,0.011412312738683351,0.004086985677369665,0.00855617215886943,0.011957990799331441,0.11789273205642126,0.05909905683977876,0.005942449729507527,0.02141106627998823,4.637033296662163e-05,0.01396036779477012,0.06527410393544042,0.01598947625262012,0.03496039220404885,0.1129352823461889,0.09541658184080809,0.07675800422973657,0.10537170015864987
0.011325090275702403,0.0524546459650073,3.2367947371170163e-06,0.04816836646597221,0.010149257218808227,0.05836854560323432,0.051445191517263976,0.1438285824729897,0.12014882703158403,0.026368364335915873,0.06239756017068623,0.05019233896704224,0.011916067172963915,0.06076511183118922,0.033816487515983686,0.03870839781424017,0.03547504881758209,0.02044096314458461,0.045758733639945634,0.1182691832445669
0.013396765399279626,0.03027223684645511,0.0006283939553773264,0.014504172825051936,0.009010791148218697,0.04858057301842215,0.09931534426436409,0.02369631184400307,0.09832102279235072,0.0395892627228701,0.003524228536375467,0.06204281070314217,0.13652770135193104,0.0319309454264707,0.025443616173063396,0.1400603046006206,0.0927045513636067,0.017523813739858278,0.06781975225352699,0.045107401035011714
0.0054745779499559685,0.03913465145981382,0.011088361058291937,0.16794821150267275,0.029351961091735084,0.24037174540346354,0.025679715555770154,0.04780057263423733,0.10621770068238638,0.008853088381184268,0.001788905817053632,0.03404911963786216,0.021484482237597677,0.010616647379090178,0.040550078057477956,0.018630367567549252,0.02965846144461572,0.11226475912744836,0.03622936374687058,0.012807229264923206
0.0008899880099875464,0.052185856006642266,0.003440592588120673,0.04694335906755168,4.7462880451459875e-05,0.02277785627050502,0.023894928948655032,0.06285214840272929,0.044859586755775414,0.013604828625537625,0.0337353998527227,0.08217947639258062,0.14080717152870198,0.0004439802050956928,0.07755002666286852,0.08095462487154541,0.09178772115384325,0.06743016118726236,0.12197965445835043,0.031635176131072876
0.019144006395378107,0.00796844794958628,0.16661491076481846,0.038411084270992046,0.027467723495730945,4.386802877063228e-05,1.405323775472409e-05,0.08594076927518064,0.06105001387538229,0.03052482168577312,0.018288624692826754,1.3153125552276474e-08,0.0016614067911093118,0.011319296025685644,0.17704102352833218,0.10159858042142834,0.10592896124187332,0.08932596800124554,0.0116139545016275,0.04604247266337872
0.016934945039872338,0.26052234544021935,0.03971412907030324,0.06183674759032818,3.835041712642669e-07,0.08362112166608901,0.04673465676172482,0.04404111656642952,0.01108056285686368,0.02118332272910412,0.0017200947635817366,0.044188617147957104,0.05899116597504602,0.008710765123445015,0.0347932917920899,0.023083812005889878,0.15012457899481918,0.04636537893048401,0.03749910588932363,0.008853858152257903
